0
16 16
1 1 1 1 1 1 1 1 1 1 1 1 1 1 1 1
2 2 2 2 2 2 2 3 2 2 2 2 2 2 2 3
2 2 2 2 2 2 2 3 2 2 2 2 2 2 2 3
3 3 3 3 3 3 3 3 3 3 3 3 3 3 3 3
2 2 2 3 2 2 2 2 2 2 2 3 2 2 2 2
2 2 2 3 2 2 2 2 2 2 2 3 2 2 2 2
2 2 2 3 2 2 2 2 2 2 2 3 2 2 2 2
3 3 3 3 3 3 3 3 3 3 3 3 3 3 3 3
2 2 2 2 2 2 2 3 2 2 2 2 2 2 2 3
2 2 2 2 2 2 2 3 2 2 2 2 2 2 2 3
2 2 2 2 2 2 2 3 2 2 2 2 2 2 2 3
3 3 3 3 3 3 3 3 3 3 3 3 3 3 3 3
2 2 2 3 2 2 2 2 2 2 2 3 2 2 2 2
2 2 2 3 2 2 2 2 2 2 2 3 2 2 2 2
2 2 2 3 2 2 2 2 2 2 2 3 2 2 2 2
3 3 3 3 3 3 3 3 3 3 3 3 3 3 3 3
15 0