0
16 16
0 0 0 0 0 0 0 0 0 0 0 0 0 0 0 0
0 0 0 0 0 4 4 4 4 3 3 0 0 0 0 0
0 0 0 0 4 4 4 4 4 4 3 3 0 0 0 0
0 0 0 0 4 4 5 5 4 4 3 3 0 0 0 0
0 0 0 4 4 5 4 4 3 4 4 3 3 0 0 0
0 0 0 4 4 5 4 4 3 4 4 3 3 0 0 0
0 0 0 4 4 5 4 4 3 4 4 3 3 0 0 0
0 0 0 4 4 5 4 4 3 4 4 3 3 0 0 0
0 0 0 4 4 5 4 4 3 4 4 3 3 0 0 0
0 0 0 4 4 5 4 4 3 4 4 3 3 0 0 0
0 0 0 4 4 5 4 4 3 4 4 3 3 0 0 0
0 0 0 4 4 5 4 4 3 4 4 3 3 0 0 0
0 0 0 0 4 4 3 3 4 4 3 3 0 0 0 0
0 0 0 0 4 4 4 4 4 4 3 3 0 0 0 0
0 0 0 0 0 4 4 4 4 3 3 0 0 0 0 0
0 0 0 0 0 0 0 0 0 0 0 0 0 0 0 0
15 0