3
[252 251 249]
[227 151 57]
[177 53 41]
16 16
0 0 0 0 0 0 0 0 0 0 0 0 0 0 0 0
0 0 0 0 0 0 0 1 3 0 0 0 0 0 0 0
0 0 0 0 0 0 0 1 3 0 0 0 0 0 0 0
0 0 0 0 0 0 1 1 1 3 0 0 0 0 0 0
0 0 0 0 0 0 1 1 1 3 0 0 0 0 0 0
0 0 0 0 0 0 1 1 1 3 0 0 0 0 0 0
0 0 0 0 0 0 1 1 1 3 0 0 0 0 0 0
0 0 0 0 0 0 1 1 1 3 0 0 0 0 0 0
0 0 0 0 0 0 1 1 1 3 0 0 0 0 0 0
0 0 0 0 0 0 1 1 1 3 0 0 0 0 0 0
0 0 0 0 0 0 1 1 1 3 0 0 0 0 0 0
0 0 0 0 0 0 1 1 1 3 0 0 0 0 0 0
0 0 0 0 0 0 1 1 1 3 0 0 0 0 0 0
0 0 0 0 0 0 0 1 3 0 0 0 0 0 0 0
0 0 0 0 0 0 0 1 3 0 0 0 0 0 0 0
0 0 0 0 0 0 0 0 0 0 0 0 0 0 0 0
15 0