3
[252 251 249]
[227 151 57]
[177 53 41]
16 16
0 0 0 0 0 0 0 0 0 0 0 0 0 0 0 0
0 0 0 0 0 0 0 2 2 0 0 0 0 0 0 0
0 0 0 0 0 0 2 2 2 2 0 0 0 0 0 0
0 0 0 0 0 2 2 2 2 2 2 0 0 0 0 0
0 0 0 0 0 2 2 1 3 2 2 0 0 0 0 0
0 0 0 0 2 2 1 2 2 3 2 2 0 0 0 0
0 0 0 0 2 2 1 2 2 3 2 2 0 0 0 0
0 0 0 0 2 2 1 2 2 3 2 2 0 0 0 0
0 0 0 0 2 2 1 2 2 3 2 2 0 0 0 0
0 0 0 0 2 2 1 2 2 3 2 2 0 0 0 0
0 0 0 0 2 2 1 2 2 3 2 2 0 0 0 0
0 0 0 0 0 2 2 1 3 2 2 0 0 0 0 0
0 0 0 0 0 2 2 2 2 2 2 0 0 0 0 0
0 0 0 0 0 0 2 2 2 2 0 0 0 0 0 0
0 0 0 0 0 0 0 2 2 0 0 0 0 0 0 0
0 0 0 0 0 0 0 0 0 0 0 0 0 0 0 0
15 0