0
16 16
0 3 3 3 3 3 3 3 3 3 3 3 3 3 3 0
3 2 2 2 2 2 2 2 2 2 2 2 2 2 2 3
3 2 3 2 2 2 2 2 2 2 2 2 2 3 2 3
3 2 2 2 2 2 2 2 2 2 2 2 2 2 2 3
3 2 2 2 2 2 2 2 2 2 2 2 2 2 2 3
3 2 2 2 2 2 2 2 2 2 2 2 2 2 2 3
3 2 2 2 2 2 2 2 2 2 2 2 2 2 2 3
3 2 2 2 2 2 2 2 2 2 2 2 2 2 2 3
3 2 2 2 2 2 2 2 2 2 2 2 2 2 2 3
3 2 2 2 2 2 2 2 2 2 2 2 2 2 2 3
3 2 2 2 2 2 2 2 2 2 2 2 2 2 2 3
3 2 2 2 2 2 2 2 2 2 2 2 2 2 2 3
3 2 2 2 2 2 2 2 2 2 2 2 2 2 2 3
3 2 3 2 2 2 2 2 2 2 2 2 2 3 2 3
3 2 2 2 2 2 2 2 2 2 2 2 2 2 2 3
0 3 3 3 3 3 3 3 3 3 3 3 3 3 3 0
15 0