3
[252 152 56]
[216 40 0]
[252 252 252]
16 16
0 0 0 0 0 0 1 1 1 1 0 0 0 0 0 0
0 0 0 0 0 1 1 1 1 2 2 0 0 0 0 0
0 0 0 0 1 1 1 1 2 2 2 2 0 0 0 0
0 0 0 1 1 1 1 1 2 2 2 2 2 0 0 0
0 0 1 1 1 1 1 1 1 2 2 2 1 1 0 0
0 1 1 2 2 2 1 1 1 1 1 1 1 1 1 0
0 1 2 2 2 2 2 1 1 1 1 1 1 1 1 0
1 1 2 2 2 2 2 1 1 1 1 1 2 2 1 1
1 1 2 2 2 2 2 1 1 1 1 1 2 2 2 1
1 1 1 2 2 2 1 1 1 1 1 1 1 2 2 1
1 1 1 1 1 1 1 1 1 1 1 1 1 1 1 1
0 1 2 2 2 3 3 3 3 3 3 2 2 2 1 0
0 0 0 0 3 3 3 3 3 3 3 3 0 0 0 0
0 0 0 0 3 3 3 3 3 3 1 3 0 0 0 0
0 0 0 0 3 3 3 3 3 3 1 3 0 0 0 0
0 0 0 0 0 3 3 3 3 1 3 0 0 0 0 0
15 8